1,103
0,05
0
0
-0,12
0,12
0
0
-0,059
0
0
0
0
0
0
0
0
0
0
0
0
0
0,059
0
0
0
0
0
0
0
-0,05
0,05
-0,059
0
0
0
0
0
0
-0,084
0,153
-0,01
-0,059
0,019
-0,777
1,602
0
0
0
0
0
0
0
0
0
0
0
0
0
0
0
0
0
0
0
0
-0,197
-1,373
0
0
0
0
0
0
0
0
0
0
0
0
0
0
0
0
0
0
0
0
0
-0,368
1,103
0,05
0
0
-0,12
0,12
0
0
-0,059
0
0
0
0
0
0
0
0
0
0
0
0
0
0,059
0
0
0
0
0
0
0
-0,05
0,05
-0,059
0
0
0
0
0
0
-0,084
0,153
-0,01
-0,059
0,019
-0,777
1,602
0
0
0
0
0
0
0
0
0
0
0
0
0
0
0
0
0
0
0
0
-0,197
-1,373
0
0
0
0
0
0
0
0
0
0
0
0
0
0
0
0
0
0
0
0
0
-0,368
1,103
0,05
0
0
-0,12
0,12
0
0
-0,059
0
0
0
0
0
0
0
0
0
0
0
0
0
0,059
0
0
0
0
0
0
0
-0,05
0,05
-0,059
0
0
0
0
0
0
-0,084
0,153
-0,01
-0,059
0,019
-0,777
1,602
0
0
0
0
0
0
0
0
0
0
0
0
0
0
0
0
0
0
0
0
-0,197
-1,373
0
0
0
0
0
0
0
0
0
0
0
0
0
0
0
0
0
0
0
0
0
-0,368
1,103
0,05
0
0
-0,12
0,12
0
0
-0,059
0
0
0
0
0
0
0
0
0
0
0
0
0
0,059
0
0
0
0
0
0
0
-0,05
0,05
-0,059
0
0
0
0
0
0
-0,084
0,153
-0,01
-0,059
0,019
-0,777
1,602
0
0
0
0
0
0
0
0
0
0
0
0
0
0
0
0
0
0
0
0
-0,197
-1,373
0
0
0
0
0
0
0
0
0
0
0
0
0
0
0
0
0
0
0
0
0
-0,368
1,103
0,05
0
0
-0,12
0,12
0
0
-0,059
0
0
0
0
0
0
0
0
0
0
0
0
0
0,059
0
0
0
0
0
0
0
-0,05
0,05
-0,059
0
0
0
0
0
0
-0,084
0,153
-0,01
-0,059
0,019
-0,777
1,602
0
0
0
0
0
0
0
0
0
0
0
0
0
0
0
0
0
0
0
0
-0,197
-1,373
0
0
0
0
0
0
0
0
0
0
0
0
0
0
0
0
0
0
0
0
0
0,024
-0,454
0,331
0,885
0,785
-2,844
0,488
-0,328
0,293
-0,325
0,037
0,445
0,534
0,957
-0,132
0,238
0,005
-0,529
0,667
-0,047
-0,197
0,176
-1,345
-0,163
0,381
